cons	e1	e2	e3	e4	e5	e6	e7	e8	e9	e10	e11	e12	e13	e14	e15	e16	e17	e18	e19	e20	e21	e22	e23	e24	e25	rb1	rb2	rb3	rb4	rb5	rb6	rb7	rb8	rb9	rb10	rb11	rb12	rb13	rb14	rb15	rb16	rb17	rb18	rb19	rb20	rb21	rb22	rb23	rb24	rb25	pab	pba
0.077944510360147	0	1	1	0	0	0	0	0	0	0	0	1	1	0	0	1	1	0	0	0	0	0	0	1	1	0	1	1	0	0	0	0	0	0	0	0	1	1	0	0	1	1	1	0	0	1	1	0	1	1	0.6303839087486267	0.7683677077293396
0	0	1	1	0	0	0	0	0	0	0	0	1	1	0	0	1	1	0	0	0	0	0	0	1	1	0	1	0	0	1	1	1	0	0	0	0	1	1	0	1	1	1	1	0	0	1	1	0	1	0	0.7319694757461548	0.6794174313545227
2.8481134572E-05	0	1	1	0	0	0	0	0	0	0	0	1	1	0	0	1	1	0	0	0	0	0	0	1	1	1	0	1	0	1	1	1	0	0	0	0	1	1	0	1	1	1	1	0	0	0	0	0	1	1	0.7160084843635559	0.7803373336791992
0	0	1	1	0	0	0	0	0	0	0	0	1	1	0	0	1	1	0	0	0	0	0	0	1	1	1	0	1	1	0	0	1	1	0	0	0	0	1	0	1	1	1	1	0	0	1	1	1	0	0	0.9978255033493042	0.9985005855560303
8.95216500687405	1	0	1	0	0	1	1	1	0	0	1	0	0	1	1	0	1	1	0	0	1	1	1	1	0	0	1	1	0	0	0	0	0	0	0	0	1	1	0	0	1	1	0	0	0	0	0	0	1	1	0.9661800861358643	0.9816833734512329
8.80848084538413	1	0	1	0	0	1	1	1	0	0	1	0	0	1	1	0	1	1	0	0	1	1	1	1	0	1	0	1	0	1	1	1	0	0	0	0	0	0	0	1	1	1	0	0	0	0	0	0	1	0	0.9741804003715515	0.9894160628318787
0.001106713133903	1	0	1	0	0	1	1	1	0	0	1	0	0	1	1	0	1	1	0	0	1	1	1	1	0	0	1	1	0	0	0	0	0	0	0	0	1	1	0	0	1	1	1	0	0	1	1	0	1	1	0.9716042876243591	0.9864976406097412
0	1	0	1	0	0	1	1	1	0	0	1	0	0	1	1	0	1	1	0	0	1	1	1	1	0	1	0	1	0	1	1	1	0	0	0	0	1	1	0	1	1	1	1	0	0	0	0	0	1	1	0.8604417443275452	0.9016036987304688
0	0	0	1	0	1	1	0	1	0	0	0	1	1	0	0	1	1	1	0	0	1	1	1	1	1	0	1	1	0	0	0	0	0	0	0	0	1	1	0	0	1	1	0	0	0	0	0	0	1	1	0.6591007709503174	0.4678623080253601
8.80848084536955	0	0	1	0	1	1	0	1	0	0	0	1	1	0	0	1	1	1	0	0	1	1	1	1	1	1	0	1	0	1	1	1	0	0	0	0	0	0	0	1	1	1	0	0	0	0	0	0	1	0	0.7097560167312622	0.6326888799667358
2.37077291626583E-05	0	0	1	0	1	1	0	1	0	0	0	1	1	0	0	1	1	1	0	0	1	1	1	1	1	0	1	1	0	0	0	0	0	0	0	0	1	1	0	0	1	1	1	0	0	1	1	0	1	1	0.5178514719009399	0.5651013255119324
0	0	0	1	0	1	1	0	1	0	0	0	1	1	0	0	1	1	1	0	0	1	1	1	1	1	1	0	1	0	1	1	1	0	0	0	0	1	1	0	1	1	1	1	0	0	0	0	0	1	1	0.6306172013282776	0.5286173820495605
8.80848084532719	1	0	1	0	1	1	1	0	0	0	0	0	0	0	1	1	1	0	0	0	0	0	0	1	0	0	1	1	0	0	0	0	0	0	0	0	1	1	0	0	1	1	0	0	0	0	0	0	1	1	0.8998821973800659	0.8566944003105164
8.78580845333188	1	0	1	0	1	1	1	0	0	0	0	0	0	0	1	1	1	0	0	0	0	0	0	1	0	1	0	1	1	0	0	1	1	0	0	0	0	1	0	1	1	1	1	0	0	1	1	1	0	1	0.9991171956062317	0.9983814358711243
8.80579253821247	1	0	1	0	1	1	1	0	0	0	0	0	0	0	1	1	1	0	0	0	0	0	0	1	0	0	0	1	0	1	1	1	1	0	0	0	1	1	0	1	0	1	1	1	0	1	0	1	1	1	0.7332342863082886	0.9253453612327576
8.55908453117865	1	0	1	0	1	1	1	0	0	0	0	0	0	0	1	1	1	0	0	0	0	0	0	1	0	1	0	1	0	0	1	1	1	0	0	1	0	0	1	1	0	1	1	0	0	1	1	1	1	0	0.9880160093307495	0.9523413181304932
8.8084808453298	1	0	1	0	1	1	1	0	0	0	0	0	0	0	1	1	1	0	0	0	0	0	0	1	0	0	0	1	0	0	1	1	1	0	0	0	0	0	1	1	1	1	1	1	0	1	1	1	1	0	0.9925583600997925	0.979629397392273
8.29025342343	1	0	1	0	1	1	1	0	0	0	0	0	0	0	1	1	1	0	0	0	0	0	0	1	0	1	0	1	0	0	1	1	1	0	0	1	0	0	1	1	0	1	1	0	0	1	1	1	1	0	0.9904181361198425	0.9842628836631775
7.93868580845351	1	0	1	0	1	1	1	0	0	0	0	0	0	0	1	1	1	0	0	0	0	0	0	1	0	0	0	1	0	0	1	1	1	0	0	1	0	0	1	1	0	0	1	0	0	1	1	1	1	0	0.9832245111465454	0.9525881409645081
8.87822232838543	1	0	1	0	1	1	1	0	0	0	0	0	0	0	1	1	1	0	0	0	0	0	0	1	0	1	0	1	1	1	0	1	1	0	0	1	1	1	1	1	1	1	1	1	1	1	1	1	1	0	0.8287681341171265	0.8479536771774292
8.0976451449366	1	0	1	0	1	1	1	0	0	0	0	0	0	0	1	1	1	0	0	0	0	0	0	1	0	0	1	1	0	0	0	0	0	0	0	0	1	1	0	0	1	1	1	0	0	1	1	0	1	1	0.8687661290168762	0.8255758285522461
8.061642072	1	0	1	0	1	1	1	0	0	0	0	0	0	0	1	1	1	0	0	0	0	0	0	1	0	0	1	0	0	1	1	1	0	0	0	0	1	1	0	1	1	1	1	0	0	1	1	0	1	0	0.849677324295044	0.8379048705101013
8.0075642308497	1	0	1	0	1	1	1	0	0	0	0	0	0	0	1	1	1	0	0	0	0	0	0	1	0	1	0	1	0	1	1	1	0	0	0	0	1	1	0	1	1	1	1	0	0	0	0	0	1	1	0.6243667006492615	0.7794016003608704
8.29025363700864	1	0	1	0	1	1	1	0	0	0	0	0	0	0	1	1	1	0	0	0	0	0	0	1	0	0	1	0	0	1	0	1	0	0	0	0	0	1	0	1	0	1	1	1	0	1	1	0	1	1	0.9977843761444092	0.9925903677940369
8.80848084531853	1	0	1	0	1	1	1	0	0	0	0	0	0	0	1	1	1	0	0	0	0	0	0	1	0	1	0	1	1	0	0	1	1	0	0	0	0	1	0	1	1	1	1	0	0	1	1	1	0	0	0.997617781162262	0.9988698959350586
7.9307811	1	0	1	0	1	1	1	0	0	0	0	0	0	0	1	1	1	0	0	0	0	0	0	1	0	1	0	1	0	0	1	1	1	0	0	0	0	0	1	1	1	1	1	0	0	1	1	1	1	0	0.9919832944869995	0.9862391352653503
7.992668207106	1	0	1	0	1	1	1	0	0	0	0	0	0	0	1	1	1	0	0	0	0	0	0	1	0	1	0	1	0	0	1	1	0	0	0	0	0	0	1	1	1	1	1	0	0	1	1	1	1	0	0.9846009016036987	0.9673115611076355
8.55908453281749	1	0	1	0	1	1	1	0	0	0	0	0	0	0	1	1	1	0	0	0	0	0	0	1	0	1	0	1	0	1	1	1	0	0	0	1	1	1	0	1	1	1	0	0	0	0	1	0	1	1	0.6185938119888306	0.7311608791351318
0	1	0	1	1	0	0	1	1	0	0	0	0	1	0	1	1	1	1	0	0	1	1	1	0	1	0	1	1	0	0	0	0	0	0	0	0	1	1	0	0	1	1	0	0	0	0	0	0	1	1	0.9986157417297363	0.9953961372375488
0	1	0	1	1	0	0	1	1	0	0	0	0	1	0	1	1	1	1	0	0	1	1	1	0	1	0	1	1	0	0	0	0	0	0	0	0	1	1	0	0	1	1	1	0	0	1	1	0	1	1	0.9967085123062134	0.9957081079483032
0	1	0	1	1	0	0	1	1	0	0	0	0	1	0	1	1	1	1	0	0	1	1	1	0	1	1	0	1	0	1	1	1	0	0	0	0	1	1	0	1	1	1	1	0	0	0	0	0	1	1	0.9948704242706299	0.9942479729652405
0	0	0	1	0	1	1	1	1	0	0	0	1	1	0	1	0	1	1	1	0	1	0	1	1	1	0	1	1	0	0	0	0	0	0	0	0	1	1	0	0	1	1	0	0	0	0	0	0	1	1	0.8950827121734619	0.8378815650939941
0.004923778213083	0	0	1	0	1	1	1	1	0	0	0	1	1	0	1	0	1	1	1	0	1	0	1	1	1	0	1	1	0	0	0	0	0	0	0	0	1	1	0	0	1	1	1	0	0	1	1	0	1	1	0.7877426147460938	0.896673858165741
0	0	0	1	0	1	1	1	1	0	0	0	1	1	0	1	0	1	1	1	0	1	0	1	1	1	1	0	1	0	1	1	1	0	0	0	0	1	1	0	1	1	1	1	0	0	0	0	0	1	1	0.8236525654792786	0.8896970748901367
0	1	0	1	0	0	1	1	1	0	0	1	0	0	1	1	0	1	1	0	0	1	1	1	1	0	0	1	1	0	0	0	0	0	0	0	0	1	1	0	0	1	1	0	0	0	0	0	0	1	1	0.9600610733032227	0.9868628978729248
0	1	0	1	0	0	1	1	1	0	0	1	0	0	1	1	0	1	1	0	0	1	1	1	1	0	0	1	1	0	0	0	0	0	0	0	0	1	1	0	0	1	1	1	0	0	1	1	0	1	1	0.9709827899932861	0.9915348291397095
0	1	0	1	0	0	1	1	1	0	0	1	0	0	1	1	0	1	1	0	0	1	1	1	1	0	1	0	1	0	1	1	1	0	0	0	0	1	1	0	1	1	1	1	0	0	0	0	0	1	1	0.8084115982055664	0.9557004570960999
0	0	0	1	0	0	1	1	1	0	0	0	0	0	1	1	1	1	1	1	0	1	1	1	1	0	0	1	1	0	0	0	0	0	0	0	0	1	1	0	0	1	1	0	0	0	0	0	0	1	1	0.9721535444259644	0.9929170608520508
0	0	0	1	0	0	1	1	1	0	0	0	0	0	1	1	1	1	1	1	0	1	1	1	1	0	0	1	1	0	0	0	0	0	0	0	0	1	1	0	0	1	1	1	0	0	1	1	0	1	1	0.9763448238372803	0.9971481561660767
0	0	0	1	0	0	1	1	1	0	0	0	0	0	1	1	1	1	1	1	0	1	1	1	1	0	1	0	1	0	1	1	1	0	0	0	0	1	1	0	1	1	1	1	0	0	0	0	0	1	1	0.7788363695144653	0.9677537679672241
0	1	0	1	0	0	1	1	1	0	0	1	0	0	1	1	0	1	1	0	0	1	1	1	1	0	0	1	1	0	0	0	0	0	0	0	0	1	1	0	0	1	1	0	0	0	0	0	0	1	1	0.9712276458740234	0.9835717082023621
0	1	0	1	0	0	1	1	1	0	0	1	0	0	1	1	0	1	1	0	0	1	1	1	1	0	0	1	1	0	0	0	0	0	0	0	0	1	1	0	0	1	1	1	0	0	1	1	0	1	1	0.9755192995071411	0.9924492835998535
1.76484356735217E-07	1	0	1	0	0	1	1	1	0	0	1	0	0	1	1	0	1	1	0	0	1	1	1	1	0	1	0	1	0	1	1	1	0	0	0	0	1	1	0	1	1	1	1	0	0	0	0	0	1	1	0.8742973804473877	0.895122230052948
0	0	0	1	0	0	1	1	1	0	0	1	0	0	1	1	0	0	1	0	0	1	1	1	1	0	0	1	1	0	0	0	0	0	0	0	0	1	1	0	0	1	1	0	0	0	0	0	0	1	1	0.965000569820404	0.9822741150856018
0.001399378213083	0	0	1	0	0	1	1	1	0	0	1	0	0	1	1	0	0	1	0	0	1	1	1	1	0	0	1	1	0	0	0	0	0	0	0	0	1	1	0	0	1	1	1	0	0	1	1	0	1	1	0.9633394479751587	0.9915618300437927
0	0	0	1	0	0	1	1	1	0	0	1	0	0	1	1	0	0	1	0	0	1	1	1	1	0	1	0	1	0	1	1	1	0	0	0	0	1	1	0	1	1	1	1	0	0	0	0	0	1	1	0.7728034257888794	0.9251388311386108
0.069694198578736	1	0	1	1	1	0	1	1	0	0	1	1	1	1	1	1	1	1	1	1	1	1	1	1	0	0	1	1	0	0	0	0	0	0	0	0	1	1	0	0	1	1	0	0	0	0	0	0	1	1	0.9684606194496155	0.9212557673454285
0.069755690310284	1	0	1	1	1	0	1	1	0	0	1	1	1	1	1	1	1	1	1	1	1	1	1	1	0	0	1	1	0	0	0	0	0	0	0	0	1	1	0	0	1	1	1	0	0	1	1	0	1	1	0.9542459845542908	0.9279197454452515
0.06977648079183	1	0	1	1	1	0	1	1	0	0	1	1	1	1	1	1	1	1	1	1	1	1	1	1	0	1	0	1	0	1	1	1	0	0	0	0	1	1	0	1	1	1	1	0	0	0	0	0	1	1	0.8289355039596558	0.6942346692085266
0	0	1	1	0	0	0	0	0	0	0	0	1	1	0	0	1	1	1	0	0	1	1	0	1	1	0	1	0	0	1	1	1	0	0	0	0	1	1	0	1	1	1	1	0	0	1	1	0	1	0	0.7257708311080933	0.6064760088920593
0.001601701743721	0	1	1	0	0	0	0	0	0	0	0	1	1	0	0	1	1	1	0	0	1	1	0	1	1	1	0	1	0	1	1	1	0	0	0	0	1	1	0	1	1	1	1	0	0	0	0	0	1	1	0.7373579144477844	0.6751490831375122
0	0	1	1	0	0	0	0	0	0	0	0	1	1	0	0	1	1	1	0	0	1	1	0	1	1	1	0	1	1	0	0	1	1	0	0	0	0	1	0	1	1	1	1	0	0	1	1	1	0	0	0.9977694749832153	0.997739851474762
0	0	1	0	0	1	1	1	0	0	0	0	1	1	0	1	1	1	1	0	0	1	1	0	1	0	1	0	1	0	1	1	1	0	0	0	0	1	1	0	1	1	1	1	0	0	0	0	0	1	1	0.6237884163856506	0.7636358141899109
0	1	0	1	0	1	1	1	0	0	0	0	1	1	0	1	1	1	1	0	0	0	0	0	1	1	1	0	1	1	0	0	1	1	0	0	0	0	1	0	1	1	1	1	0	0	1	1	1	0	0	0.9925084710121155	0.9975402355194092
0	0	1	0	0	1	0	1	0	0	0	0	0	1	0	1	0	1	1	1	0	1	1	0	1	1	0	1	1	0	0	0	0	0	0	0	0	1	1	0	0	1	1	0	0	0	0	0	0	1	1	0.9900229573249817	0.9929561614990234
0.001959132242842	0	1	0	0	1	0	1	0	0	0	0	0	1	0	1	0	1	1	1	0	1	1	0	1	1	0	1	1	0	0	0	0	0	0	0	0	1	1	0	0	1	1	1	0	0	1	1	0	1	1	0.9860847592353821	0.9855685234069824
0	0	1	0	0	1	0	1	0	0	0	0	0	1	0	1	0	1	1	1	0	1	1	0	1	1	1	0	1	0	1	1	1	0	0	0	0	1	1	0	1	1	1	1	0	0	0	0	0	1	1	0.9332687258720398	0.9797506332397461
0	1	0	1	0	0	1	1	1	0	0	0	0	0	1	1	1	1	1	0	0	1	1	1	1	0	0	1	1	0	0	0	0	0	0	0	0	1	1	0	0	1	1	0	0	0	0	0	0	1	1	0.9756075143814087	0.9891659021377563
1.73663764054679E-05	1	0	1	0	0	1	1	1	0	0	0	0	0	1	1	1	1	1	0	0	1	1	1	1	0	0	1	1	0	0	0	0	0	0	0	0	1	1	0	0	1	1	1	0	0	1	1	0	1	1	0.9757071733474731	0.9861515760421753
0	1	0	1	0	0	1	1	1	0	0	0	0	0	1	1	1	1	1	0	0	1	1	1	1	0	1	0	1	0	1	1	1	0	0	0	0	1	1	0	1	1	1	1	0	0	0	0	0	1	1	0.8605013489723206	0.9251595139503479
0	1	0	1	0	0	1	1	0	0	0	0	0	0	1	1	1	1	1	0	0	1	1	1	1	0	0	1	1	0	0	0	0	0	0	0	0	1	1	0	0	1	1	0	0	0	0	0	0	1	1	0.9782994389533997	0.9963206052780151
2.00359441199084E-05	1	0	1	0	0	1	1	0	0	0	0	0	0	1	1	1	1	1	0	0	1	1	1	1	0	0	1	1	0	0	0	0	0	0	0	0	1	1	0	0	1	1	1	0	0	1	1	0	1	1	0.9822626113891602	0.9966400861740112
0	1	0	1	0	0	1	1	0	0	0	0	0	0	1	1	1	1	1	0	0	1	1	1	1	0	1	0	1	0	1	1	1	0	0	0	0	1	1	0	1	1	1	1	0	0	0	0	0	1	1	0.7425631284713745	0.9711936116218567
0	1	0	1	0	1	1	1	0	0	0	1	1	1	0	1	1	1	0	0	0	0	1	0	1	1	0	1	1	0	0	0	0	0	0	0	0	1	1	0	0	1	1	0	0	0	0	0	0	1	1	0.7941432595252991	0.7478457093238831
8.3519792832117E-05	1	0	1	0	1	1	1	0	0	0	1	1	1	0	1	1	1	0	0	0	0	1	0	1	1	0	1	1	0	0	0	0	0	0	0	0	1	1	0	0	1	1	1	0	0	1	1	0	1	1	0.6553606986999512	0.7483847141265869
0.0	1	0	1	0	1	1	1	0	0	0	1	1	1	0	1	1	1	0	0	0	0	1	0	1	1	1	0	1	0	1	1	1	0	0	0	0	1	1	0	1	1	1	1	0	0	0	0	0	1	1	0.8206592798233032	0.7276307344436646
